13.145141 7083.604126 1.891812 8.690138
2.798970 5371.513055 1.875462 8.982184
1.519705 4695.930932 2.003938 8.901639
0.954102 4083.486010 2.000865 8.872207
0.448476 2651.228609 1.974038 9.050289
0.436104 2754.153953 1.935962 8.979543
0.572161 3351.332351 2.058640 8.846353
0.613345 3309.202156 2.005055 8.897272
0.491907 2942.455413 1.935668 8.975377
0.682459 3319.478512 1.985899 9.136909
0.646676 3319.478512 1.985899 9.136909
0.744686 3482.345405 2.054604 9.079548
0.429130 2519.295528 2.005867 9.263123
0.430339 2667.808315 2.011489 9.205227
0.430070 2609.367520 1.994313 9.178747
0.377749 2401.231668 2.032345 9.262838
0.325034 2140.762218 1.833419 9.307467
0.335742 2131.628011 1.871963 9.297068
0.364530 2444.242835 1.681180 9.145268
0.393351 2493.624531 1.749870 9.134323
0.428182 2756.948070 1.764598 9.142383
0.463700 2951.230134 1.905582 9.093245
0.494088 2874.066980 1.945979 9.088399
0.301956 2365.708824 1.944395 9.272000
0.464052 3260.308954 1.902441 9.189831
0.457426 2829.822800 1.932845 9.179056
0.495381 3010.082412 1.806918 9.159152
0.494787 2786.839017 1.966767 9.027499
0.450528 2797.227565 1.808524 9.041448
0.315443 2259.494598 1.691292 9.051345
0.285741 2181.933880 1.694002 9.132919
0.296196 2119.642702 1.627406 9.134539
0.275391 2183.967149 1.590994 9.047115
1.000000 2306.908420 1.645465 9.051462
0.286048 2192.407943 1.592314 8.960981
0.288202 2205.777119 1.820423 9.102755
0.498589 2834.990082 1.823213 9.005282
0.696701 3380.145084 1.865538 9.035749
0.671301 3207.363856 1.937869 9.033603
0.690044 3457.518485 1.853260 8.868976
0.712030 3560.160554 1.778943 8.843759
0.728331 3481.223345 1.890951 8.918383
0.711784 3487.445193 1.821933 8.923058
0.621715 3259.751255 1.761308 8.945333
0.652718 3323.794906 1.751871 8.944811
0.590964 3323.247372 1.802712 8.919587
0.583262 3334.560684 1.850655 8.901230
0.546127 3300.659778 1.779892 8.911800
0.587383 3331.224376 1.857548 8.927845
0.566473 3341.043766 1.910860 8.896314
0.537567 3356.109569 2.193538 8.921591
0.514978 3383.107874 2.200173 9.042513
0.464264 3876.089711 1.826029 8.950273
0.980504 4053.727169 2.167550 9.287394
0.618452 3258.622983 1.948776 9.090092
0.344602 2200.175793 1.746174 9.233862
0.435335 2828.905290 1.843807 9.115480
0.369426 2553.103874 1.820423 9.024252
0.579187 3298.601450 1.774185 8.905716
0.399141 2429.980051 1.888072 9.287394
14.142396 156.800735 5.593191 10.164582

14.299026 165.925675 5.529048 10.157471

14.468295 162.337770 5.561054 10.211230

14.728805 171.903398 5.394235 10.186145

14.338209 159.709062 5.470629 10.159331

14.440288 156.228629 5.413753 10.167850

14.195196 157.583703 5.450720 10.150035

14.354891 155.737314 5.421160 10.173171

14.177936 155.324385 5.422884 10.116783

14.332389 150.639023 5.451099 10.148706

14.194917 171.095124 5.529171 10.090009

14.244046 159.112871 5.472299 10.117025

14.337548 155.526636 5.441531 10.119727

14.424068 154.864155 5.456491 10.124910

14.543796 156.502615 5.485628 10.176411

14.536216 160.401411 5.389651 10.176145

14.986830 156.901286 5.369899 10.167043

21.031178 118.599359 3.657252 10.134837

19.526335 116.147372 4.074177 10.254320

19.645251 114.844755 3.851562 10.273636

19.676984 116.850062 3.841562 10.291773

18.794422 132.904093 4.022740 10.290211

17.665465 179.927632 3.982382 10.279352

17.755330 179.971460 3.957837 10.275947

17.750683 189.551085 4.000121 10.258150

17.912037 184.639217 3.943239 10.259132

17.179138 189.847997 3.962669 10.252206

16.710636 194.242931 3.864382 10.160878

19.410006 120.854933 3.644442 10.185843

19.346421 138.287631 3.524538 10.193691

18.569748 143.498444 3.634625 10.230126

19.056714 155.354001 3.781574 10.210237

19.125719 152.550826 3.639561 10.191107

16.843768 177.231882 3.915754 10.192793

17.332605 165.901922 3.741850 10.226440

17.004874 167.673812 3.601114 10.235916

7.911611 490.927073 5.331434 10.154480

6.448166 455.805623 5.339490 10.247715

6.801668 421.921547 5.293801 10.104590

8.513084 321.889821 4.952832 10.226766

10.511505 698.117698 5.196875 10.065181

7.871204 418.344599 5.601858 10.171490

6.470614 530.881030 5.202773 9.959537

7.764870 366.579935 5.274459 10.245942

7.843118 327.473563 5.388711 10.198282

8.735906 291.146093 4.965669 10.231423

9.350161 317.579022 5.089897 10.282746

8.717310 352.416359 4.615393 10.227598

7.929673 359.823562 4.452446 10.229440

6.309188 411.755367 4.583284 10.154052

8.524200 570.671595 4.412461 10.224955

7.984628 268.487470 4.592262 10.290347

8.481899 280.648195 4.748436 10.316193

8.394274 277.258210 4.626348 10.310485
14.247133 147.868482 5.407245 10.118720

19.317059 116.750824 4.011458 10.272704

16.060599 187.299418 4.179046 10.216947

16.710636 194.242931 3.864382 10.160878

8.735906 291.146093 4.965669 10.231423

9.594468 374.248614 4.753248 10.296239
1.745040 10375.115371 8.620146 6.932448

1.847914 12310.112152 8.322872 6.886532

2.395537 11297.414449 8.202810 6.722630

2.125253 10408.597824 7.709179 6.421622

2.348199 14596.815413 8.429940 7.039660

1.924183 13705.121481 8.254443 6.860664

1.623271 15884.611108 8.394163 6.937314

2.522748 17881.257411 8.554633 7.390181

1.976246 16222.769208 8.490089 7.171657
1.956716 18049.588168 8.546040 6.938284

1.671793 9106.513899 8.417326 6.839476

3.586539 4123.840704 9.541230 9.245128

2.301350 7936.773939 8.899034 6.749931

2.329920 7493.008834 8.649175 6.338594

2.550651 6899.145658 8.201505 6.270988

2.757539 6900.689632 8.116946 6.190315

2.695277 6836.889273 8.135019 6.561031

2.670194 6874.294033 8.202336 6.232448
1.468190 19795.357965 8.281272 7.629490

2.659308 8430.522282 7.856696 6.939254

2.357991 8292.146782 8.347856 7.095893

2.286714 7938.916785 8.769759 6.753438

2.412186 7320.697904 8.339198 6.719013

2.356154 8303.876526 7.856269 7.067320

2.263849 8990.714228 7.411286 6.591674

2.796920 7078.428112 8.605417 6.501290

2.414570 7835.960977 8.754760 6.860664
2.455287 7069.837765 8.651263 6.784457

2.279302 8715.793959 8.699198 6.875232

2.757511 6825.252184 8.245239 6.424869

2.635819 6777.575058 8.312583 6.617403

2.000197 8472.021167 8.657387 6.715383

2.637581 6817.239578 8.370414 6.690842

2.621294 7080.159532 8.561294 6.395262

2.621294 7080.159532 8.561294 6.395262

1.993256 12149.003151 8.126862 6.858565
0.994185 18381.666646 8.649967 7.140453

1.030087 13773.419502 8.990993 6.989335

1.804526 10981.498249 9.244238 6.793466

2.220334 9743.101169 8.739160 6.582025

1.031845 17524.626624 8.879767 6.988413

0.967679 16894.457129 8.839930 7.025538
1.838783 10965.556076 8.291621 7.028201

0.507942 39926.064059 8.009731 7.534228

0.599602 25284.365945 8.359755 7.094235

1.358598 17212.458955 8.532391 7.278629

2.975126 9645.260121 7.985125 7.417580

1.675687 12527.947834 8.245392 7.062192

1.605953 14986.290110 8.292391 7.033506

1.589204 14886.238687 8.284997 6.910751

2.413237 17329.175827 7.404182 6.646391

1.876213 13880.743674 8.292394 7.065613

2.137213 11968.714265 8.233439 6.921658

2.263900 8953.486611 7.394375 6.716595
2.077342 16687.090622 8.570423 7.242798
2.752448 7261.850980 8.408907 6.220590
2.762436 6961.297711 8.614369 6.783325
0.476516 33723.731148 7.730859 7.510431
0.291402 59880.325165 7.600422 7.460490
2.013047 11054.327217 7.881018 6.729824
